function T_e=getTe(q)
T_e=[-1,  0,  0,       q(1) + 1/5;
    0,  0,  1,       q(3) + 1/5;
    0,  1,  0, q(2) + 1251/5000;
    0,  0,  0,              1];
end